
Descriptive statistics
=================================================
Statistic       N    Mean   St. Dev.  Min   Max  
-------------------------------------------------
year          1,213 1,976.0   2.0    1,973 1,979 
cowid         1,213  452.9   259.9    20    990  
y_n           1,213 2,168.0 2,912.0    1   24,856
bi_PRE        1,213  0.04     0.2      0     1   
bi_SOS        1,213   0.1     0.3      0     1   
mil_ratio      994    0.1     0.1     0.0   0.7  
USmilaid      1,213   4.6     7.4     0.0   23.0 
allies        1,213  0.01     0.1      0     1   
USdefense     1,213   0.3     0.4      0     1   
USdefense_EUR 1,213   0.1     0.3      0     1   
UStrade       1,213   0.1     0.1     0.0   0.7  
energypc      1,033  74.2     42.2     1    154  
USalign        974    0.2     0.2    -0.9   0.8  
UNpart         986    0.1     0.2     0.0   1.0  
mpower        1,213  0.03     0.2      0     1   
term2         1,213   0.3     0.5      0     1   
TRU           1,213   0.0     0.0      0     0   
EIS           1,213   0.0     0.0      0     0   
KEN           1,213   0.0     0.0      0     0   
JOH           1,213   0.0     0.0      0     0   
NIX           1,213   0.3     0.5      0     1   
FOR           1,213   0.3     0.5      0     1   
CAR           1,213   0.4     0.5      0     1   
demo           982   -2.4     7.3     -10    10  
bi_L1_PRE     1,213  0.04     0.2      0     2   
EUR           1,213   0.2     0.4      0     1   
AFR           1,213   0.3     0.4      0     1   
MEA           1,213   0.1     0.3      0     1   
SCA           1,213  0.05     0.2      0     1   
EAP           1,213   0.1     0.4      0     1   
bi_L14_SOS    1,213   1.0     2.4      0     20  
bi_L14_PRE    1,213   0.3     1.1      0     13  
bi_L58_SOS    1,213   0.5     1.4      0     10  
bi_L58_PRE    1,213   0.3     1.0      0     9   
un_member      986    1.0     0.0      1     1   
-------------------------------------------------
